0	-11.193237
1926	-21.6725
1927	-16.135
1929	-14.873
1930	-16.751
1934	-30.53
1935	-17.0835
1936	-10.697
1940	-18.69
1947	-19.4945
1950	-16.472
1953	-12.063667
1954	-9.302
1955	-16.252
1956	-11.760417
1957	-12.057
1958	-12.375999
1959	-14.741333
1960	-12.523556
1961	-13.969916
1962	-11.003751
1963	-9.407499
1964	-13.108384
1965	-12.34607
1966	-11.669583
1967	-14.17019
1968	-12.927583
1969	-9.718335
1970	-11.905936
1971	-12.160115
1972	-11.845476
1973	-11.889476
1974	-10.787927
1975	-11.316476
1976	-11.5195
1977	-11.395103
1978	-10.052668
1979	-11.4944515
1980	-11.151333
1981	-11.4318695
1982	-11.429558
1983	-12.521502
1984	-11.446936
1985	-10.144339
1986	-10.112295
1987	-11.225461
1988	-10.513399
1989	-11.325214
1990	-11.905936
1991	-11.805273
1992	-10.895448
1993	-11.793319
1994	-11.658636
1995	-10.474936
1996	-10.808157
1997	-10.786685
1998	-10.293925
1999	-8.999419
2000	-9.331872
2001	-8.355831
2002	-9.404666
2003	-8.561433
2004	-8.210435
2005	-9.013778
2006	-8.491754
2007	-8.088787
2008	-7.9626465
2009	-8.002382
2010	-7.842764
