0	 -0.20495094 2.1794617 -0.45052654 5.052163
1926	 -21.6725 101.0025 0.0 0.0
1927	 -14.5485 115.34999 -19.308 162.496
1929	 -14.873 114.177 0.0 0.0
1930	 -16.751 133.32199 0.0 0.0
1934	 0.0 0.0 -30.53 100.795
1935	 -17.0835 87.740005 0.0 0.0
1936	 0.0 0.0 -10.697 38.443
1940	 -18.69 101.541504 0.0 0.0
1947	 -19.4945 113.6245 0.0 0.0
1950	 -16.472 93.707 0.0 0.0
1953	 -6.6969995 42.948753 -11.3985 102.07
1954	 -9.302 98.018 0.0 0.0
1955	 0.0 0.0 -16.252 68.326
1956	 -10.552099 89.593 -8.901 128.32251
1957	 -12.057 108.926 0.0 0.0
1958	 -12.375999 131.442 0.0 0.0
1959	 -13.4468565 130.71713 -19.272 105.9695
1960	 -12.830625 95.76375 -10.067 122.798
1961	 -11.974214 92.0155 0.0 0.0
1962	 -11.00375 120.10126 0.0 0.0
1963	 -8.153166 104.01029 0.0 0.0
1964	 -11.833 103.9977 -17.359667 125.40933
1965	 -13.777 83.116 -10.970751 113.09875
1966	 -12.401001 132.87337 -10.20675 117.157745
1967	 -10.372439 84.78704 -14.130429 118.39628
1968	 -11.034375 104.13887 -12.570666 100.44833
1969	 -9.761273 133.2749 -8.373417 117.45859
1970	 -10.169679 104.712105 -10.145072 96.76958
1971	 -9.150783 100.267784 -12.014601 151.1014
1972	 -9.929237 106.276344 -13.413666 148.31
1973	 -10.043368 97.82195 -14.170801 138.3542
1974	 -9.212805 110.704384 -12.482 131.26974
1975	 -11.200231 126.810165 -10.362046 112.02768
1976	 -10.437077 128.66583 -12.7955 122.6765
1977	 -9.720966 129.2781 -16.573334 118.544
1978	 -8.280399 129.6299 -13.893801 115.1984
1979	 -11.260041 144.43394 -11.1545 104.71575
1980	 -10.008856 107.78707 -9.213249 140.95724
1981	 -9.124253 104.28196 -11.362 121.938995
1982	 -8.63943 95.80418 -12.190971 115.65244
1983	 -9.8144655 110.45115 -12.030916 111.160385
1984	 -9.169726 101.13413 -10.217 114.25325
1985	 -8.558461 102.49493 -9.2755 153.85838
1986	 -7.146487 87.56823 -11.280445 107.84656
1987	 -10.371138 109.83217 -10.565267 133.9346
1988	 -7.1087956 85.05102 -10.244334 128.28148
1989	 -7.530566 76.6905 -10.553866 117.50107
1990	 -7.903053 82.843315 -9.989253 102.685135
1991	 -8.045971 78.81131 -8.881642 94.856186
1992	 -6.311344 73.51636 -8.696815 102.10099
1993	 -6.580871 69.15299 -9.53153 106.642395
1994	 -7.4220743 79.14128 -9.081214 110.890144
1995	 -5.436488 65.010826 -7.70951 100.99828
1996	 -6.417197 77.30996 -8.96016 102.24474
1997	 -6.260973 68.73667 -7.8583755 88.14472
1998	 -5.1150146 57.577724 -7.114246 81.41434
1999	 -4.3894844 64.169266 -5.451926 72.38375
2000	 -4.5606914 59.602158 -5.4549804 83.37858
2001	 -3.3620975 50.508186 -4.9210315 76.96308
2002	 -4.1963706 52.452442 -5.4528155 77.30436
2003	 -3.2896495 47.640705 -4.316348 69.41365
2004	 -3.1701462 46.84708 -4.45605 70.24934
2005	 -2.9836798 39.791355 -4.295561 66.28157
2006	 -2.8604424 39.397137 -3.5385747 58.05572
2007	 -2.7458942 42.827446 -4.642933 72.25225
2008	 -2.7833138 45.078205 -4.3168893 76.133484
2009	 -3.0370035 48.58322 -4.4997187 66.42774
2010	 -6.2663884 88.18628 -6.7804213 118.93724
