ROCK	 100.0 28.978142703808288 14.295635767981654 32.214752218825 18.895871877947283 8.18768232913622 13.854768491455225 5.442379371708358 6.59324370945445 8.463296754394646 8.731883783113595 16.604062306209492 8.72652216647003 3.3040052642999647 1.9946448698736428 0.0
POP	 28.978142703808288 100.0 49.54616737804762 88.01500616153027 65.33019190338734 28.306189274626686 48.10601747517968 18.87802358864302 22.715677218996035 29.32855064655788 30.28999482583109 57.54719604576355 30.083620325886486 11.462561961044802 6.892996221723653 0.0
HIP_HOP	 14.295635767981654 49.54616737804763 100.0 44.650711931488026 74.8974005056238 59.0786791161838 82.37028107523848 38.89435643621216 47.30417793087513 60.75095532806449 62.406388200690095 82.23310097450448 61.103456815502796 23.72744027230074 14.364958340670396 0.0
EDM	 32.214752218825005 88.01500616153022 44.650711931488026 100.0 59.105602488728046 25.639207211249094 43.327381241206865 16.992642040415355 20.53525667032801 26.503807065646438 27.28911878722772 51.99576221496488 27.195229403526962 10.34432940927849 6.234272152109598 0.0
JAZZ	 18.89587187794728 65.33019190338732 74.89740050562384 59.10560248872805 100.0 44.73665043279479 74.08345468551333 29.386978464356645 35.49134766111672 46.12341843898104 47.526940830587044 84.62820588016547 46.762482577700865 18.032870872635392 10.815205025785763 0.0
FOLK	 8.187682329136223 28.306189274626686 59.07867911618384 25.639207211249094 44.73665043279479 100.0 60.19379416482895 67.30158409801597 78.87203556296427 86.18090111056895 81.78637610039188 49.9801566356847 81.39991884805248 40.885316147692656 24.47491677231945 0.0
BLUES	 13.854768491455234 48.106017475179684 82.37028107523848 43.327381241206886 74.08345468551333 60.19379416482895 100.0 40.44281276741876 48.67218023593094 63.33091090530008 64.33638093413514 80.19746791099404 63.895244069039244 24.713848694381646 14.684197223356149 0.0
FUNK	 5.442379371708357 18.878023588643032 38.89435643621216 16.992642040415355 29.386978464356638 67.30158409801597 40.44281276741876 100.0 81.49298500418837 64.84516829889088 64.41620942130429 33.3409802231093 64.36362820489342 60.739069218882875 37.31785349381244 0.0
SOUL	 6.59324370945445 22.715677218996035 47.30417793087511 20.535256670328017 35.491347661116734 78.87203556296431 48.672180235930945 81.49298500418837 100.0 76.44278284362638 74.18405140432542 40.19874271398628 74.52987570885593 50.60578086454577 30.663070462467754 0.0
AMBIENT	 8.463296754394646 29.328550646557886 60.75095532806449 26.503807065646424 46.12341843898104 86.18090111056897 63.33091090530008 64.84516829889088 76.44278284362636 100.0 83.6412466664788 52.06875342150936 80.86478671913044 39.30184013537667 23.807109237535602 0.0
REGGAE	 8.731883783113595 30.289994825831094 62.406388200690124 27.28911878722771 47.526940830587044 81.78637610039183 64.33638093413514 64.41620942130429 74.18405140432539 83.6412466664788 100.0 53.383292992683835 79.72161200322647 40.32147884959317 23.863774507037782 0.0
WORLD	 16.60406230620949 57.54719604576355 82.23310097450447 51.99576221496488 84.62820588016551 49.9801566356847 80.19746791099404 33.3409802231093 40.198742713986285 52.06875342150935 53.38329299268384 100.0 53.38126946315593 20.137915988016157 12.175419247421912 0.0
LATIN	 8.72652216647003 30.083620325886486 61.103456815502774 27.19522940352697 46.7624825777009 81.39991884805248 63.895244069039244 64.36362820489339 74.5298757088559 80.86478671913044 79.72161200322645 53.38126946315593 100.0 39.80925775302008 24.22209389995772 0.0
CLASSICAL	 3.304005264299965 11.462561961044809 23.72744027230075 10.344329409278489 18.032870872635396 40.885316147692656 24.713848694381646 60.73906921888286 50.60578086454577 39.30184013537666 40.32147884959315 20.137915988016154 39.80925775302008 100.0 63.031478478206346 0.0
R_B	 1.9946448698736428 6.892996221723653 14.364958340670395 6.234272152109595 10.815205025785765 24.47491677231944 14.68419722335615 37.31785349381245 30.66307046246776 23.807109237535606 23.86377450703779 12.175419247421916 24.222093899957713 63.031478478206346 100.0 0.0
OTHER	 0.0 0.0 0.0 0.0 0.0 0.0 0.0 0.0 0.0 0.0 0.0 0.0 0.0 0.0 0.0 0.0
